-1.337343269848667582e+00 4.924867014815308863e+01
7.285149025035462245e-01 5.181540156875685454e+01
9.873968577304863548e-01 5.518375225313675259e+01
3.510892295400052987e+00 5.338642416429504323e+01
5.112303262119462843e+00 5.975167790204577756e+01
6.974830858227141661e+00 5.802988945241911978e+01
6.586873320273853416e+00 6.057905438609340365e+01
8.638953372734484049e+00 6.298263636092203654e+01
8.014869940181178265e+00 6.313648721755669868e+01
1.000757032541737246e+01 6.577660403049061699e+01
1.006803149307655154e+01 6.461741749656493994e+01
1.248098198410458082e+01 6.700049325549618118e+01
1.230092379193610341e+01 6.734538968963525463e+01
1.293505382000111226e+01 6.849076758254668107e+01
1.415460914360666145e+01 7.051596465796620805e+01
1.597576177510075901e+01 6.963896762864710865e+01
1.638612334821262806e+01 6.934631032671595108e+01
1.873643314379475200e+01 6.898695855325848925e+01
1.977546898894051708e+01 7.350045152024597428e+01
2.173752417701392758e+01 7.212772459105883627e+01
2.216373798600789513e+01 7.246651709671093045e+01
2.369391532231186304e+01 7.159538164974431140e+01
2.538751558470221426e+01 7.326972578277334947e+01
2.664022358199421703e+01 7.161235186425700761e+01
2.812349235199006259e+01 7.065143183420067885e+01
2.990237802867335404e+01 7.118458369265435692e+01
2.964030594172043109e+01 7.382661999490127869e+01
3.219850153478225252e+01 7.152144538689418596e+01
3.372003339015051182e+01 7.069637081271403645e+01
3.590699714346736471e+01 6.857034472589590735e+01
3.409790453004420385e+01 6.996434646396926382e+01
3.629261914814906476e+01 6.885414007199075570e+01
3.712069075815848151e+01 6.802691884233342989e+01
4.030026860647792830e+01 6.546401091629884661e+01
3.993525282963376810e+01 6.568308150434101833e+01
4.233882666063467326e+01 6.554631697721649175e+01
4.289377585665521764e+01 6.188530156638135793e+01
4.345609848016601973e+01 6.306747545084510165e+01
4.643159653038976131e+01 5.996153459374531280e+01
4.931127422330825993e+01 5.824100150779626972e+01
4.929276995732625011e+01 5.844047277400042617e+01
5.162332372097110778e+01 5.639534023199538382e+01
5.136224022463470362e+01 5.358926337713185006e+01
5.334183853355146709e+01 5.315215732869369702e+01
5.462909330363154936e+01 5.162121445543620979e+01
5.620921307117853871e+01 4.886697821391379648e+01
6.001929397810738465e+01 4.570958064313420266e+01
5.988458904886721967e+01 4.558673887023743987e+01
6.003774552009473808e+01 4.311585895938212332e+01
6.151130252280642452e+01 3.995702158433385875e+01
6.381651763357757545e+01 3.664466551774332714e+01
6.587854532502718996e+01 3.527875492200833207e+01
6.712863436321532618e+01 3.366629486642929692e+01
6.919571661311232447e+01 3.025770228155759867e+01
6.858585556042218911e+01 2.602369176142871154e+01
7.229219322331030639e+01 2.481686593801270035e+01
7.399539720492036565e+01 1.965006661413275779e+01
7.511140467212766225e+01 1.929069860934477276e+01
7.743288874944613553e+01 1.652115072822315867e+01
7.993379607037212509e+01 1.309877745878282518e+01
