0.000000000000000000e+00 5.000000000000000000e+01 1.000000000000000000e+01 2.000000000000000000e+01
1.005423875371754594e+00 5.194639238932749947e+01 1.010847750743509366e+01 1.892784778655007827e+01
2.023388173863171602e+00 5.379785176367364130e+01 1.025080846239324295e+01 1.810133970037278672e+01
3.056469069548155115e+00 5.556353690228625197e+01 1.041080945130642377e+01 1.721236307187952619e+01
4.101128925558256810e+00 5.723921102812294492e+01 1.048238766889560303e+01 1.630111944485432574e+01
5.159111366712243907e+00 5.881797984298366799e+01 1.067726115418414778e+01 1.527425685236013031e+01
6.225323200448823258e+00 6.030154315212624994e+01 1.064697552054743213e+01 1.439700933049150144e+01
7.299313059441582041e+00 6.169787041122899751e+01 1.083282165930774532e+01 1.352953585156345895e+01
8.383085120034447613e+00 6.301306857167912057e+01 1.084261955254959986e+01 1.277442735743893820e+01
9.465905249922146325e+00 6.425172813777237479e+01 1.081378304520439393e+01 1.199876396442608417e+01
1.057294326308301891e+01 6.540767493932284538e+01 1.132697721801306479e+01 1.112017206658328838e+01
1.172964305464290469e+01 6.647306710833021270e+01 1.180701861318462420e+01 1.018767131356417188e+01
1.291827494891609973e+01 6.745227150831189533e+01 1.196561927227925537e+01 9.396416686069345658e+00
1.411092668230498504e+01 6.834582018989738117e+01 1.188741539549846493e+01 8.474556945640202343e+00
1.530046274872550605e+01 6.914670918339261618e+01 1.190330593291196593e+01 7.543222924264400220e+00
1.649573026511816920e+01 6.985695007739151663e+01 1.200204439494132025e+01 6.661594955713545652e+00
1.770262810466613601e+01 7.047493886597790436e+01 1.213591239601798577e+01 5.698180816014327021e+00
1.893624329019652563e+01 7.100279931436732284e+01 1.253639131458984401e+01 4.859028151774118953e+00
2.019191597724684328e+01 7.143942220876084548e+01 1.257706242641646988e+01 3.873429736096226428e+00
2.145496921336086871e+01 7.178021481883990873e+01 1.268400229586406880e+01 2.942422465484956895e+00
2.272450696016888116e+01 7.202482658874238552e+01 1.270675264029616969e+01 1.949812932564650714e+00
2.399322841178035759e+01 7.217533145422993357e+01 1.266767639193335171e+01 1.060284377186347493e+00
2.526128176984887119e+01 7.223832243419192878e+01 1.269339076943688838e+01 1.995352220534782894e-01
2.652575923018912007e+01 7.220807560884873055e+01 1.259615843736813190e+01 -8.044717289175435937e-01
2.779786218777109852e+01 7.208197120628238963e+01 1.284590071427141922e+01 -1.717616322409374119e+00
2.908620261145706110e+01 7.185879416475377468e+01 1.292090775944780212e+01 -2.745924508162847388e+00
3.038066216393853480e+01 7.153087531675117816e+01 1.296828329018171821e+01 -3.812452451889075000e+00
3.167260072953500938e+01 7.110728462617683476e+01 1.287048802174777506e+01 -4.659361359597776087e+00
3.296689331205944740e+01 7.059748412020910280e+01 1.301536362874103325e+01 -5.536648759756833904e+00
3.427526701516676155e+01 7.000075152911044540e+01 1.315211043340520902e+01 -6.398003062216544912e+00
3.559812485944448923e+01 6.933123056781380456e+01 1.330504645214937476e+01 -6.992416163716374200e+00
3.693667766082647574e+01 6.858703482675241503e+01 1.346600957549040167e+01 -7.891498657511506920e+00
3.828167437142397489e+01 6.775855938902520847e+01 1.343392463645948887e+01 -8.678010097032657910e+00
3.962220513048345794e+01 6.683434064321255619e+01 1.337669054473019159e+01 -9.806364819220286577e+00
4.096559868541152127e+01 6.580725492763731665e+01 1.349118055383105919e+01 -1.073534949228452895e+01
4.231876815367285616e+01 6.469449699333020476e+01 1.357220881139561364e+01 -1.151980919385774627e+01
4.368151310560779876e+01 6.350760337839945180e+01 1.368269022730324025e+01 -1.221806310475715485e+01
4.505062448189170965e+01 6.224340636966153539e+01 1.369953729837500944e+01 -1.306587707000122300e+01
4.642707256602483312e+01 6.089223106455268919e+01 1.382942438428754173e+01 -1.395762903217580231e+01
4.781682518344099719e+01 5.945129252420495902e+01 1.396562796403563311e+01 -1.486114177477876908e+01
4.922907295984340692e+01 5.793171423449587820e+01 1.427932756401252945e+01 -1.553042401940272832e+01
5.066338569583461293e+01 5.634320868112716596e+01 1.440692715581152150e+01 -1.623968704797148277e+01
5.210685261487257947e+01 5.467492100646005326e+01 1.446241122494788023e+01 -1.712606644537073208e+01
5.356060185580715682e+01 5.291799775736635780e+01 1.461257359374358700e+01 -1.801239853650315226e+01
5.502974073762568707e+01 5.107538548138348489e+01 1.477020404262708730e+01 -1.883984698315429895e+01
5.651763920586151357e+01 4.913853212140042359e+01 1.498776532208945333e+01 -1.989722021650689854e+01
5.801721832415398694e+01 4.710265606333808819e+01 1.500381704376008862e+01 -2.082030094473978110e+01
5.952470159402670191e+01 4.497877460761762336e+01 1.514584835369413440e+01 -2.165732816966942309e+01
6.105075979915343964e+01 4.277220898677326488e+01 1.537531574884070196e+01 -2.247398424721762922e+01
6.260203220475042940e+01 4.048935752771463825e+01 1.565013236309909139e+01 -2.318304493395486432e+01
6.417509570769395566e+01 3.812583700711670787e+01 1.581113769577131833e+01 -2.408736547800372207e+01
6.576146983919976208e+01 3.567067811617306461e+01 1.591634493434495035e+01 -2.501581234086909689e+01
6.736591125919764522e+01 3.312378762609228033e+01 1.617248346561279959e+01 -2.592199746074649269e+01
6.898707782004605349e+01 3.047924665063757388e+01 1.625084775135523074e+01 -2.696882204834763996e+01
7.063359330969649363e+01 2.773281841061851694e+01 1.667946204165366098e+01 -2.795974275203344916e+01
7.230512702353232157e+01 2.489853770913261855e+01 1.675121223506294754e+01 -2.872587127768448667e+01
7.397398771698551911e+01 2.197698859906051538e+01 1.662600163400106013e+01 -2.970511092375755169e+01
7.564146079141214329e+01 1.895862556568430790e+01 1.672345985453152295e+01 -3.066214974376656954e+01
7.731863133526111653e+01 1.585062359043254077e+01 1.681995102244789919e+01 -3.149788976126878737e+01
7.899984924064720815e+01 1.266094330298417425e+01 1.680440708527416049e+01 -3.229571598769855711e+01
